0.000000, 1.000000 
0.008850, 1.000000 
0.017710, 1.000000 
0.026560, 1.000000 
0.035420, 1.000000 
0.044270, 1.000000 
0.053130, 0.990000 
0.061980, 0.990000 
0.070830, 0.990000 
0.079690, 0.990000 
0.088540, 0.990000 
0.097400, 0.990000 
0.106250, 0.990000 
0.115100, 0.980000 
0.123960, 0.970000 
0.132810, 0.970000 
0.141670, 0.970000 
0.150520, 0.960000 
0.159380, 0.960000 
0.168230, 0.950000 
0.177080, 0.940000 
0.185940, 0.940000 
0.194790, 0.930000 
0.203650, 0.920000 
0.212500, 0.900000 
0.221350, 0.890000 
0.230210, 0.890000 
0.239060, 0.880000 
0.247920, 0.870000 
0.256770, 0.850000 
0.265630, 0.840000 
0.274480, 0.820000 
0.283330, 0.800000 
0.292190, 0.780000 
0.301040, 0.760000 
0.309900, 0.740000 
0.318750, 0.720000 
0.327600, 0.690000 
0.336460, 0.670000 
0.345310, 0.640000 
0.354170, 0.610000 
0.363020, 0.580000 
0.371880, 0.550000 
0.380730, 0.520000 
0.389580, 0.480000 
0.398440, 0.460000 
0.407290, 0.430000 
0.416150, 0.410000 
0.425000, 0.380000 
0.433850, 0.360000 
0.442710, 0.330000 
0.451560, 0.310000 
0.460420, 0.290000 
0.469270, 0.260000 
0.478130, 0.250000 
0.486980, 0.230000 
0.495830, 0.220000 
0.504690, 0.200000 
0.513540, 0.190000 
0.522400, 0.170000 
0.531250, 0.170000 
0.540100, 0.160000 
0.548960, 0.150000 
0.557810, 0.140000 
0.566670, 0.130000 
0.575520, 0.130000 
0.584380, 0.120000 
0.593230, 0.120000 
0.602080, 0.110000 
0.610940, 0.110000 
0.619790, 0.100000 
0.628650, 0.100000 
0.637500, 0.090000 
0.646350, 0.090000 
0.655210, 0.090000 
0.664060, 0.090000 
0.672920, 0.080000 
0.681770, 0.080000 
0.690630, 0.080000 
0.699480, 0.080000 
0.708330, 0.080000 
0.717190, 0.070000 
0.726040, 0.070000 
0.734900, 0.060000 
0.743750, 0.060000 
0.752600, 0.060000 
0.761460, 0.060000 
0.770310, 0.060000 
0.779170, 0.060000 
0.788020, 0.060000 
0.796880, 0.050000 
0.805730, 0.050000 
0.814580, 0.050000 
0.823440, 0.050000 
0.832290, 0.050000 
0.841150, 0.050000 
0.850000, 0.050000 
0.858850, 0.050000 
0.867710, 0.050000 
0.876560, 0.040000 
0.885420, 0.050000 
0.894270, 0.050000 
0.903130, 0.040000 
0.911980, 0.050000 
0.920830, 0.050000 
0.929690, 0.040000 
0.938540, 0.040000 
0.947400, 0.040000 
0.956250, 0.040000 
0.965100, 0.040000 
0.973960, 0.040000 
0.982810, 0.040000 
0.991670, 0.040000 
1.000520, 0.040000 
1.009380, 0.030000 
1.018230, 0.040000 
1.027080, 0.030000 
1.035940, 0.040000 
1.044790, 0.030000 
1.053650, 0.030000 
1.062500, 0.040000 
1.071350, 0.030000 
1.080210, 0.030000 
1.089060, 0.030000 
1.097920, 0.030000 
1.106770, 0.030000 
1.115630, 0.030000 
1.124480, 0.030000 
1.133330, 0.030000 
1.142190, 0.030000 
1.151040, 0.030000 
1.159900, 0.030000 
1.168750, 0.030000 
1.177600, 0.030000 
1.186460, 0.030000 
1.195310, 0.030000 
1.204170, 0.030000 
1.213020, 0.030000 
1.221880, 0.030000 
1.230730, 0.030000 
1.239580, 0.030000 
1.248440, 0.030000 
1.257290, 0.030000 
1.266150, 0.030000 
1.275000, 0.030000 
1.283850, 0.030000 
1.292710, 0.030000 
1.301560, 0.030000 
1.310420, 0.030000 
1.319270, 0.030000 
1.328130, 0.030000 
1.336980, 0.030000 
1.345830, 0.030000 
1.354690, 0.030000 
1.363540, 0.030000 
1.372400, 0.020000 
1.381250, 0.030000 
1.390100, 0.030000 
1.398960, 0.030000 
1.407810, 0.030000 
1.416670, 0.030000 
1.425520, 0.030000 
1.434380, 0.030000 
1.443230, 0.030000 
1.452080, 0.030000 
1.460940, 0.030000 
1.469790, 0.030000 
1.478650, 0.020000 
1.487500, 0.020000 
1.496350, 0.030000 
1.505210, 0.020000 
1.514060, 0.020000 
1.522920, 0.020000 
1.531770, 0.030000 
1.540630, 0.030000 
1.549480, 0.020000 
1.558330, 0.020000 
1.567190, 0.030000 
1.576040, 0.030000 
1.584900, 0.020000 
1.593750, 0.020000 
1.602600, 0.030000 
1.611460, 0.020000 
1.620310, 0.030000 
1.629170, 0.030000 
1.638020, 0.020000 
1.646880, 0.020000 
1.655730, 0.030000 
1.664580, 0.030000 
1.673440, 0.030000 
1.682290, 0.030000 
1.691150, 0.030000 
1.700000, 0.020000 
1.708850, 0.030000 
1.717710, 0.030000 
1.726560, 0.030000 
1.735420, 0.030000 
1.744270, 0.020000 
1.753130, 0.020000 
1.761980, 0.030000 
1.770830, 0.020000 
1.779690, 0.020000 
1.788540, 0.030000 
1.797400, 0.030000 
1.806250, 0.020000 
1.815100, 0.020000 
1.823960, 0.020000 
1.832810, 0.030000 
1.841670, 0.020000 
1.850520, 0.020000 
1.859380, 0.020000 
1.868230, 0.020000 
1.877080, 0.030000 
1.885940, 0.020000 
1.894790, 0.020000 
1.903650, 0.020000 
1.912500, 0.030000 
1.921350, 0.020000 
1.930210, 0.020000 
1.939060, 0.020000 
1.947920, 0.020000 
1.956770, 0.020000 
1.965630, 0.020000 
1.974480, 0.020000 
1.983330, 0.020000 
1.992190, 0.020000 
2.001040, 0.020000 
2.009900, 0.020000 
2.018750, 0.020000 
2.027600, 0.020000 
2.036460, 0.020000 
2.045310, 0.020000 
2.054170, 0.020000 
2.063020, 0.020000 
2.071880, 0.020000 
2.080730, 0.020000 
2.089580, 0.020000 
2.098440, 0.030000 
2.107290, 0.020000 
2.116150, 0.020000 
2.125000, 0.020000 
2.133850, 0.030000 
2.142710, 0.020000 
2.151560, 0.020000 
2.160420, 0.020000 
2.169270, 0.020000 
2.178130, 0.020000 
2.186980, 0.020000 
2.195830, 0.020000 
2.204690, 0.020000 
2.213540, 0.020000 
2.222400, 0.020000 
2.231250, 0.020000 
2.240100, 0.020000 
2.248960, 0.020000 
2.257810, 0.020000 
2.266670, 0.020000 
2.275520, 0.030000 
2.284380, 0.030000 
2.293230, 0.020000 
2.302080, 0.030000 
2.310940, 0.030000 
2.319790, 0.020000 
2.328650, 0.020000 
2.337500, 0.020000 
2.346350, 0.030000 
2.355210, 0.020000 
2.364060, 0.020000 
2.372920, 0.020000 
2.381770, 0.020000 
2.390630, 0.020000 
2.399480, 0.020000 
2.408330, 0.020000 
2.417190, 0.020000 
2.426040, 0.020000 
2.434900, 0.020000 
2.443750, 0.020000 
2.452600, 0.020000 
2.461460, 0.020000 
2.470310, 0.020000 
2.479170, 0.020000 
2.488020, 0.020000 
2.496880, 0.020000 
2.505730, 0.020000 
2.514580, 0.020000 
2.523440, 0.020000 
2.532290, 0.020000 
2.541150, 0.020000 
2.550000, 0.020000 
2.558850, 0.030000 
2.567710, 0.020000 
2.576560, 0.020000 
2.585420, 0.020000 
2.594270, 0.020000 
2.603130, 0.020000 
2.611980, 0.020000 
2.620830, 0.020000 
2.629690, 0.020000 
2.638540, 0.020000 
2.647400, 0.020000 
2.656250, 0.020000 
2.665100, 0.020000 
2.673960, 0.020000 
2.682810, 0.020000 
2.691670, 0.020000 
2.700520, 0.020000 
2.709380, 0.020000 
2.718230, 0.020000 
2.727080, 0.020000 
2.735940, 0.020000 
2.744790, 0.020000 
2.753650, 0.020000 
2.762500, 0.020000 
2.771350, 0.020000 
2.780210, 0.020000 
2.789060, 0.020000 
2.797920, 0.020000 
2.806770, 0.020000 
2.815630, 0.020000 
2.824480, 0.020000 
2.833330, 0.020000 
2.842190, 0.020000 
2.851040, 0.020000 
2.859900, 0.020000 
2.868750, 0.020000 
2.877600, 0.020000 
2.886460, 0.020000 
2.895310, 0.020000 
2.904170, 0.020000 
2.913020, 0.020000 
2.921880, 0.020000 
2.930730, 0.020000 
2.939580, 0.020000 
2.948440, 0.020000 
2.957290, 0.020000 
2.966150, 0.020000 
2.975000, 0.020000 
2.983850, 0.020000 
2.992710, 0.020000 
3.001560, 0.020000